Epsilon: 0.1
Q-value: [[ 3.58129281e+00 -1.54967396e-01  8.62164836e-01 -1.25673492e+00
   5.68342547e+00  2.26889691e-01 -5.33878718e-01 -1.33048685e+00
   1.10163902e+01 -5.44216322e+01  3.58887676e+00  5.38497170e+00
   3.50771417e+01  4.89364980e+01  1.00435728e+02  3.28927504e+01
   1.53641799e+00]
 [ 1.25817053e+01  4.90422614e-01  1.54223686e+01  4.45509222e-01
   2.87246943e+01  1.33044471e+00  2.35989514e+01  2.35957398e+01
   4.71966331e+01 -2.14673887e+00 -2.27688809e+00  3.84199798e+01
   5.33993912e+01  7.80285145e+01  1.01753506e+02  5.99711889e+01
   1.79466768e+00]
 [ 7.31287487e+00  2.17105783e+00  2.53485549e-02  3.72778007e+00
   1.94100700e+01  1.53070861e+01 -3.06863138e+00 -1.24996924e+00
   3.39765199e+01 -2.53113726e+01  7.36939457e+00  2.90665782e+01
   5.98285911e+01  4.59812545e+01  1.01834452e+02  8.55019795e+01
   1.79421057e+00]
 [ 4.02291664e+00  6.79449401e+00  4.55895127e+00 -2.16146688e-01
   1.38159257e+01 -1.76993915e-01  1.48518800e+01  6.67868181e+00
  -9.53264321e-01 -6.15967923e+01  3.71118897e+01  1.50124450e+01
   6.88691475e+01  8.08027890e+01  1.01639752e+02  4.63281858e+01
   1.79031043e+00]]
Policy: [1 3 1 2 1 2 1 1 1 1 3 1 3 3 2 2 1]

Epsilon: 0.3
Q-value: [[  2.76096472   8.0825368   13.5517052    2.94870871   3.60183945
   11.39567842  13.52665973   8.99594832   7.01177582 -48.85905409
   21.49666726  23.85487675  42.47637234  18.51645298 101.56650106
   33.76003019   1.5803254 ]
 [  3.02501036   7.6639999   28.95017523  21.58674824  22.97774119
   -7.35713162  48.38945636  42.39799784  41.39958788  -3.06043122
   72.52028273  37.72787653  52.4383724   73.3877257  101.76055276
   25.48296013   1.59144928]
 [  3.87754004   4.38136556  12.70898924   8.4772932   13.30658829
    3.83977778  20.61462661  22.13129772  21.47394329 -36.53232236
   -9.11530541  56.85676679  47.5429232   43.60277629 101.54661984
   86.212722     1.5909271 ]
 [  9.83775821  15.74589064  14.73830833   8.07101967   2.60379623
   11.17015068  26.84942297  24.18250829 -10.48413034 -26.47341359
   51.90674007  35.86383175  64.75398447  79.05987101 101.48088695
   71.73284834   1.59285276]]
Policy: [3 3 1 1 1 0 1 1 1 1 1 2 3 3 1 2 3]

Epsilon: 0.5
Q-value: [[  5.3116649    2.7132332   12.49107736   4.65687098  12.45746956
   16.49113624  33.67824536  30.70426287  22.40677278 -39.07570903
   58.91794986  63.49814733  44.19631731  23.9228405  101.44176902
   83.27882128   1.24866428]
 [ 20.75603138  26.58075826  43.49257641  39.7104655   36.81401803
    2.9130122   67.78230392  73.98847535  48.40682949  -5.57436837
   81.22273247  85.25892149  62.70421347  69.80453326 101.31636875
   90.52974499   1.2443108 ]
 [  8.72822398   6.95349148  11.65501742  19.91439049  18.58141225
   19.04109365  37.78077937  49.14478192  33.72372739 -27.13603231
   24.39004252  65.54348946  50.67189534  56.13190862 100.97838172
   93.5863307    1.2540938 ]
 [  9.48143773  17.7909813   17.07225951  10.23576326  23.48840598
   45.49021556  51.68271999  58.71502739  16.73658448   0.64919597
   77.84523474  78.86375197  65.77234776  78.81140289 101.18054173
   89.0512818    1.2602383 ]]
Policy: [1 1 1 1 1 3 1 1 1 3 1 1 3 3 0 2 3]

Temperature: 0
Q-value: [[-2.68989098e+00 -2.70993662e+00 -2.91141871e+00 -1.52141523e+00
  -2.95919521e+00  3.33463331e+00 -2.28932750e+00 -2.23902727e+00
  -1.50448547e+01 -7.06915738e+01 -3.32610713e+00 -1.72567949e+00
  -1.90645781e+00 -2.27080225e+01  1.00370327e+02 -2.88424402e-02
  -3.36699953e-01]
 [-2.68618025e+00 -2.26188971e+00  1.72978717e+01 -1.77055333e+00
  -2.96822391e+00 -2.33945589e+01  3.57774321e+01 -1.42105561e+00
  -1.27674391e+01 -7.16845750e+01 -2.53417093e+00  6.78420826e+01
  -1.84632920e+00 -2.21604231e+00  0.00000000e+00  7.76027273e+01
  -4.57419124e-01]
 [-2.70487307e+00 -2.28416126e+00 -1.92793398e+00  7.51355578e+00
  -3.01209268e+00 -8.55864761e+00 -2.13101209e+00 -2.22684856e+00
  -3.47586682e+00 -7.05856782e+01 -6.85677018e+01 -1.60829182e+00
  -1.42200143e+00 -6.57859165e+01  0.00000000e+00  0.00000000e+00
   1.99429142e-01]
 [ 2.37584694e-01  6.27260880e+00 -1.78918042e+00 -1.47500928e+00
  -1.51974303e+00 -2.36499502e+01 -2.21543834e+00  1.70854825e+01
  -3.54407719e+01 -7.03179190e+01  6.02157980e+01 -2.07791192e+00
   7.32645179e+00  5.72126107e+01  0.00000000e+00  0.00000000e+00
   0.00000000e+00]]
Policy: [3 3 1 2 3 0 1 3 2 3 3 1 3 3 0 1 2]

Temperature: 10
Q-value: [[  1.61336409   4.87441339  14.68813549  10.15465817   2.15960172
    6.33502613  10.34143786   1.40186959  -4.0415533  -43.33337795
    0.          -1.94471585  -1.33626608 -43.26159752   0.
    1.45017035   1.8767724 ]
 [  3.57944961  12.88140056  30.30182755  18.39818851   2.04127458
  -18.96321907  50.55873793  38.54152371  -6.79924287 -70.67680424
   70.62877465  69.51048143   1.60258422  27.45385374   0.
    1.54542955   1.87730691]
 [  0.81122675   3.34166216   9.15276278  16.45293222   1.57925947
   -7.62312176   7.20165451  30.54637186  -0.72541209 -70.48140168
    0.          44.78692046   2.60565172  -3.43764729 101.80839412
   83.81945307   1.86394912]
 [  5.84206134  16.84441786  12.22413254   4.95431434   9.59346227
   25.28659017  14.19424723  11.52724703 -20.59595272 -23.85424928
    0.           7.47056639  17.17133864  73.8219539    0.
   -2.76757719   1.87665142]]
Policy: [3 3 1 1 3 3 1 1 2 3 1 1 3 3 2 2 1]

Temperature: 20
Q-value: [[  4.14765803  11.77682033  16.14265364  11.47068437   5.26254802
   11.07884348  20.41261852  20.46707202  -1.9453364  -55.78333957
   25.81203663  37.81482731   9.74100948 -11.4131865    0.
   58.84325948   1.95111905]
 [  4.77155112  14.19960782  31.298718    21.57214116   7.11270868
   -5.86339366  47.22456215  38.62262423  17.48219555 -18.81317527
   68.61235774  71.4084592   42.98798461  61.33842677   0.
    0.           1.97356393]
 [  3.22527269   5.42074411  16.12461713  21.16002357   4.73247612
    0.52580843  23.2953241   33.09092377   5.23780054 -63.72057559
  -46.39169792  52.93717391  31.02576316  34.21155208 101.92478528
   85.95382502   1.93537874]
 [  9.21956051  19.02645696  16.8742837   16.12421551  11.14969472
   22.99908876  31.25783221  22.88532898 -15.09965686 -12.76367246
   49.14877521  43.29592529  39.4699174   72.74868509 101.89399016
    0.           1.9419215 ]]
Policy: [3 3 1 1 3 3 1 1 1 3 1 1 1 3 2 2 1]
